Adoption,Died,Euthanasia,Return_to_owner,Transfer,ID
0.02463975018915833,0.0024417181962152145,0.023851707426253803,0.23403012175817803,0.7150367024301945,1
0.5584663799226155,0.0009600375916320686,0.013342680850284136,0.3643174060177213,0.062913495617747,2
0.5825210625580244,0.0013661481600851049,0.011846795519687219,0.1631043526991789,0.24116164106302454,3
0.21367085748618275,0.002865651676176101,0.09854231199773111,0.1365751326418771,0.5483460461980328,4
0.3771888300772595,0.0006780167252842648,0.010481209149430083,0.5175883034911776,0.09406364055684874,5
0.1575080388506507,0.0015677809406576596,0.03477523323449817,0.6299768727178887,0.17617207425630485,6
0.31960064845974834,0.03263202756728269,0.458195248137881,0.1392802880237692,0.05029178781131882,7
0.8935015424664956,0.008148193776261475,0.017764717652364852,0.016977482413736138,0.0636080636911418,8
0.7743345291423213,0.0009259800824390647,0.00566826576250149,0.15743352811241268,0.061637696900325445,9
0.65246697475084,0.0010860873670019565,0.01515720247858192,0.26406979769001715,0.06721993771355898,10
0.8935913719162175,0.00042436183556240057,0.004269204870614734,0.06980737621740275,0.031907685160202884,11
0.05342001503610595,0.0025396754764703965,0.1766464677541809,0.2515369778570396,0.5158568638762031,12
0.6266305261396177,0.0025360459641130045,0.01562911820198358,0.09483539902502847,0.2603689106692574,13
0.8318678730326176,0.002130289151693399,0.011494671845999643,0.0371500192053622,0.11735714676432721,14
0.8079951203160051,0.0008314964018157253,0.010631420625165087,0.15381284054669003,0.026729122110324053,15
0.8545801603038603,0.000732888066364818,0.0055111319498645,0.09093925515732453,0.048236564522585845,16
0.39595984075051793,0.0005646531850050857,0.05547836957470002,0.46596159389813374,0.08203554259164306,17
0.5609618567371828,0.0009089311909615003,0.004199521096737863,0.4040609110724277,0.02986877990269009,18
0.3329678800242494,0.0023013531898735465,0.020812668417882676,0.14738313805717768,0.49653496031081684,19
0.007675317340593261,0.016163929158540962,0.2901005886140405,0.018291027790869437,0.6677691370959558,20
0.5744757835205375,0.0011847258538722147,0.011480781114001566,0.30284917625454943,0.11000953325703926,21
0.0016644939599969545,0.0028223553466917707,0.05762561084318885,0.004240983923638452,0.9336465559264842,22
0.47062797882060414,0.002854188647494902,0.020511861938766227,0.1636089586165317,0.34239701197660305,23
0.001871417292491785,0.0017740311068347966,0.03003337130948511,0.001788985022202616,0.9645321952689857,24
0.5073506929788074,0.0014993601000886712,0.03785393437671353,0.23300817135377058,0.22028784119061964,25
0.41479984844754736,0.00510925954447524,0.11033580094674135,0.05487945321710084,0.414875637844135,26
0.939207695008688,0.0007980635457271553,0.0031068792915301823,0.007113819758628045,0.04977354239542679,27
0.03556403227128213,0.06600351361520969,0.391839229428683,0.0445436227122405,0.4620496019725849,28
0.38853962167068495,0.001019164324850905,0.05534355983350586,0.4328306480871493,0.12226700608380892,29
0.5250300713079458,0.0008459035443916779,0.05964280587842019,0.3186786473576772,0.09580257191156517,30
0.40673340973314653,0.0083104733436293,0.06538524301033997,0.13928755837139353,0.38028331554149053,31
0.8478250121510477,0.0013474960304251634,0.0031061991153443474,0.06962670447924915,0.07809458822393395,32
0.15887930947226053,0.0040402489467079115,0.0890578493341636,0.0509280793031392,0.6970945129437287,33
0.9683211066183194,0.0007598295895592788,0.0027373330917389066,0.014107118840170858,0.014074611860211451,34
0.44487406726970025,0.005884055576375402,0.02917659860825857,0.003992484562984592,0.5160727939826814,35
0.468963361102068,0.0021768586004561603,0.020369762299097115,0.27169671641051235,0.23679330158786627,36
0.012656020850902656,0.005471762660492163,0.01300546292980102,0.003302463405295782,0.9655642901535084,37
0.8832379887893914,0.0003260736656794207,0.0020736671483705753,0.07498687821503901,0.03937539218151976,38
0.42302059137451287,0.00047983983832337266,0.02874128756600113,0.3866813485363408,0.16107693268482193,39
0.4002785777239317,0.005017953946335343,0.0282616016367969,0.030677405372076423,0.5357644613208596,40
0.10333921775566265,0.004356430183874863,0.02594795198035917,0.3060378740269019,0.5603185260532014,41
0.0013333814185183719,0.0035854373380742374,0.009916251490596115,0.0016560236185528122,0.9835089061342582,42
0.4146643051633766,0.0008611012028462044,0.010624723627907928,0.04179783910224874,0.5320520309036204,43
0.0022579032228853702,0.0375870027039041,0.03888702438281472,0.00202417689368274,0.9192438927967129,44
0.19297083940165669,0.005719903193067533,0.23915928842153247,0.05009970003510806,0.5120502689486353,45
0.3054973462283368,0.0016422435590607203,0.03601365530629732,0.04444234790112988,0.6124044070051754,46
0.4021283358547901,0.001750120487860005,0.030656573013466377,0.1944518034675847,0.37101316717629873,47
0.5010932725982291,0.0006682409557594655,0.026147135623305104,0.28825192805017874,0.18383942277252766,48
0.4267106297139995,0.0038025382981777397,0.03280316983306475,0.3439489239647975,0.19273473818996065,49
0.03638508580171125,0.0026196051025623337,0.05308893384386735,0.17399330001647462,0.7339130752353846,50
0.24029085117600005,0.02249832676321243,0.017511336183350434,0.011523583668069413,0.708175902209368,51
0.30954370086825456,0.0006283311563725445,0.04763257055183949,0.5223124458176845,0.11988295160584869,52
0.9492031707100753,0.0009409592291213192,0.002052609196775536,0.008503293863562982,0.03929996700046448,53
0.1137742138568217,0.007680035212239617,0.024087880621170347,0.008627850156280592,0.8458300201534877,54
0.023633268146429232,0.014345859609537666,0.4617173777809356,0.012926937234639963,0.4873765572284574,55
0.6571340673747312,0.001686248933304173,0.04463616534062957,0.1490084451299501,0.14753507322138504,56
0.5231624136054166,0.0007208878639580334,0.007525899838057739,0.39151707988781925,0.07707371880474835,57
0.001495669712676436,0.02224005544356703,0.02999424280343281,0.0025925201414885163,0.9436775118988353,58
0.0007532811177352748,0.0005782536746251723,0.006585295754286571,0.001044552304919864,0.9910386171484332,59
0.8548146597086455,0.00032883645488234256,0.003721893252089854,0.03979307651877071,0.10134153406561176,60
0.8593088109696511,0.0012007690469839837,0.012828776210620495,0.022802042610576348,0.10385960116216765,61
0.17928203201767717,0.0004097325351288132,0.027286212509998763,0.5377210714873791,0.2553009514498162,62
0.41826039194276926,0.0018564480711860435,0.01603960538889014,0.18707369904830135,0.3767698555488531,63
0.0021021076525738237,0.010370948106648988,0.023841094177156345,0.00197139348201372,0.9617144565816073,64
0.0014761097987429923,0.0015684740579851495,0.004789467860191836,0.0007001314148772791,0.9914658168682028,65
0.742037196153775,0.0010329721309176813,0.02202397553578682,0.18624658705009847,0.048659269129422186,66
0.9718027115284961,0.00031802293728882587,0.0017153805744320367,0.009203634494702372,0.01696025046508074,67
0.04811011271349471,0.0047710645557117294,0.1280566190660259,0.5172673993372086,0.30179480432755906,68
0.47309358170411686,0.0013072326908978953,0.03867515920134059,0.3825701749247818,0.10435385147886292,69
0.0010497596581110179,0.000444978930055649,0.0032669529327646633,0.0020312869731883725,0.9932070215058802,70
0.011901048828392267,0.008342808637675234,0.049287591447381415,0.05983977285546874,0.8706287782310824,71
0.9511668788583527,0.0002672845985557027,0.0032738514460265026,0.02793752717819914,0.017354457918865734,72
0.002074273387953313,0.0808233982145944,0.16320403589885865,0.004634142603195978,0.7492641498953975,73
0.37098990809861804,0.0012255509304484216,0.06858800515787038,0.23802828284857558,0.3211682529644875,74
0.0038798289619304182,0.004586187435326336,0.024699481619202244,0.006117652206763825,0.9607168497767774,75
0.5455701208242877,0.032425709267799085,0.018265166024319004,0.017980138948420068,0.38575886493517386,76
0.7747507388424801,0.0009073012093232571,0.003098881516378723,0.007985596390934307,0.2132574820408838,77
0.010554764520994407,0.0012882654160764684,0.008442509817967734,0.00398512910733535,0.9757293311376262,78
0.3500409567194966,0.002234110030511184,0.0657922486803513,0.33867299247366633,0.24325969209597453,79
0.9744121955656758,0.002070901160373499,0.0017132172083282346,0.006110245563506967,0.015693440502115463,80
0.0008462447480534982,0.00394048379256458,0.008782871040020668,0.0013919480205775415,0.985038452398784,81
0.001464206540754159,0.002751937410811383,0.024926031580479003,0.0047931625101487775,0.9660646619578066,82
0.6121818405549,0.0013015119813364119,0.014056870218270276,0.31126488604861063,0.06119489119688286,83
0.002319565008596168,0.008606530130516151,0.04179501128082514,0.002796727824213838,0.9444821657558488,84
0.5218527887443911,0.0010780021133440115,0.020146800546044504,0.4136898306058176,0.04323257799040251,85
0.04791062775564326,0.015024394212988347,0.12165040822604203,0.006354650229308338,0.8090599195760181,86
0.05807907924763159,0.0014090637546351808,0.25687678438564643,0.52667445277997,0.15696061983211673,87
0.4621670778807044,0.0011972286302958028,0.03316445284850045,0.19908192800984803,0.30438931263065133,88
0.006457957589936937,0.005901746463249833,0.22783740086454327,0.013527761467793624,0.7462751336144764,89
0.8202117545556018,0.000678250533477586,0.005587136685902163,0.019353733416204805,0.1541691248088139,90
0.001417842067073857,0.0023611802992044625,0.02081858132165188,0.002066689241095571,0.9733357070709744,91
0.0010149087551832956,0.0006608055634945283,0.006785398457949003,0.0012833502704632325,0.9902555369529101,92
0.8759272942165259,0.001487189540548004,0.004718620247673236,0.006006273780868832,0.11186062221438392,93
0.3653099672913838,0.0015119378073064041,0.06270726279810242,0.35692366959401317,0.21354716250919423,94
0.011245301008105203,0.0007624056772665384,0.0042340549489634,0.0033734838106992127,0.9803847545549654,95
0.7574411019633884,0.0008858177255870686,0.01900374540892872,0.19621577531626666,0.02645355958582892,96
0.32044553519107205,0.0022785494729308064,0.035146039551560364,0.4178119972620391,0.22431787852239757,97
0.0010144445505420926,0.003107060923511505,0.008668631885890576,0.0009140813404117785,0.9862957812996439,98
0.3039352051429205,0.00553777398462177,0.02051112342072829,0.008317216616524683,0.6616986808352046,99
0.3794634589489159,0.0017252602573295266,0.033368101813256286,0.36034587153514586,0.2250973074453522,100
0.7930976293064564,0.0018058182880186131,0.0055300056534008405,0.01578056012502956,0.18378598662709464,101
0.8444809740568938,0.000913856736276068,0.00539437545059304,0.09534029311965833,0.053870500636578965,102
0.20449771484791263,0.000605323061818256,0.060026551643421806,0.24365841924814016,0.4912119911987072,103
0.31908571074710296,0.0004346481334499251,0.029086995102506428,0.32818868147725294,0.3232039645396875,104
0.4754227903750546,0.0016550499455860726,0.00903371649348536,0.15653112456654766,0.35735731861932635,105
0.5504595693445314,0.0011299780607317734,0.018295817733445175,0.14587426659028271,0.28424036827100885,106
0.4869258097183273,0.0005962795450188296,0.0438111349539196,0.39144794462100907,0.07721883116172511,107
0.06786014074897138,0.0023550888846456787,0.06827301492660007,0.5489671361265412,0.3125446193132416,108
0.9762313360938258,0.0010678973429566908,0.001625842110191663,0.005843106987252368,0.01523181746577366,109
0.3691114013689513,0.001310420007054508,0.039742492139850816,0.14693575695065408,0.4428999295334893,110
0.3024938748684542,0.0014780287506330795,0.029324566315811162,0.5234546426236948,0.14324888744140674,111
0.5719800708305928,0.001742327389106301,0.0307789645270225,0.19832665189130247,0.19717198536197586,112
0.3082730184566058,0.002122817397255662,0.013033163659779058,0.4377202543991537,0.23885074608720577,113
0.31712118162931635,0.0005381717676187526,0.0287375129040483,0.40440420743179484,0.2491989262672219,114
0.0012844918695908418,0.0009531167971396949,0.003448105281117328,0.0012639589278022646,0.9930503271243497,115
0.5715187469184002,0.0007660685738171773,0.004739026573666398,0.058397329154920394,0.36457882877919573,116
0.7694380909932041,0.0012666317808148419,0.005634893642424699,0.15368781615783286,0.0699725674257236,117
0.029981362315304193,0.003074421998990789,0.11118001525818974,0.3173083858812111,0.5384558145463043,118
0.08912796731477375,0.0031190938605905522,0.042652676422736825,0.8231338565254137,0.041966405876485355,119
0.555414790866062,0.006508162202579314,0.09320933198938139,0.047147472427614474,0.297720242514363,120
0.814498938132156,0.0016453003131325097,0.004180182189828669,0.008662923714001224,0.1710126556508816,121
0.883707504550469,0.0015057075075573345,0.006158223407772858,0.012717343322575961,0.09591122121162492,122
0.9585420639506491,0.0006666813344560169,0.003671464662080186,0.010570116300688865,0.02654967375212571,123
0.0010160115912369112,0.014898464056791261,0.01744019491083123,0.002129422338113317,0.964515907103027,124
0.01360026596916193,0.0056875901681929086,0.10974236150853044,0.05479291224112928,0.8161768701129853,125
0.9257981540558043,0.0003685930170576661,0.003190490704144591,0.036911631587624893,0.03373113063536833,126
0.01222691606295623,0.0012851668215723361,0.01566299973462238,0.002874218043460351,0.9679506993373889,127
0.8084346209325357,0.0019385930158993423,0.006275869796927899,0.04135195033400072,0.1419989659206366,128
0.9746818215614413,0.0019382035936001763,0.002165155723790439,0.006969991297233358,0.014244827823934495,129
0.9351971571732639,0.0003459161278033286,0.004228266236766005,0.05227696400882684,0.0079516964533399,130
0.419304598144217,0.001607614545966621,0.020565809699843538,0.46271264280778274,0.0958093348021902,131
0.9821361588810363,0.0006089731342123185,0.0021876450429121905,0.007105435274777605,0.007961787667061458,132
0.7993266805245481,0.0010975687976599398,0.01128853871960201,0.004809963162046182,0.18347724879614358,133
0.15364527747314288,0.00159367538244006,0.010009298163069462,0.6278049054429747,0.20694684353837284,134
0.4325637984068973,0.0009737272675496094,0.044384744212402676,0.13430491569419664,0.3877728144189536,135
0.507677780170332,0.0009318138086038517,0.0165888499677213,0.39114951828259387,0.08365203777074882,136
0.27282747147435743,0.0017939381699099346,0.0533323194617275,0.24990974349722753,0.4221365273967776,137
0.0011006823114468958,0.0007501838526418911,0.04019060535789108,0.0020870500292125924,0.9558714784488076,138
0.25938866794942483,0.001755213925055522,0.03514161593161853,0.40635955985160327,0.297354942342298,139
0.1194743614887971,0.0007745909360561878,0.0055185130615382095,0.027757790739616612,0.8464747437739917,140
0.6402948311482759,0.0009038430205247841,0.007570990639954912,0.17328394828725038,0.17794638690399409,141
0.08952550013923631,0.006042437638388492,0.026648294324237452,0.006437922652130027,0.8713458452460077,142
0.2765598532609844,0.002459749522755007,0.0841683867468085,0.4232585614672841,0.21355344900216794,143
0.40109430011238995,0.0006101087786157393,0.044510284265385856,0.4021707245200353,0.15161458232357322,144
0.359377428642125,0.0012151447258334275,0.026609315220028663,0.2757173054092268,0.3370808060027863,145
0.43096624192850497,0.0005835017164615712,0.021528202911535427,0.3930171342435067,0.1539049191999912,146
0.5157896457832595,0.04221270991327405,0.1754245179675947,0.17346751600109156,0.09310561033478032,147
0.3203554752748963,0.0004596162887898942,0.03527741353306332,0.5888949699236358,0.05501252497961461,148
0.0011500200140685958,0.0004207138918830728,0.008352516991647055,0.0011251406199220561,0.9889516084824793,149
0.05628863188053385,0.029550906692060872,0.03420379686830345,0.008200138675332893,0.8717565258837691,150
0.1264556063583625,0.0056978244386484975,0.26157417886355844,0.049476391735459486,0.5567959986039711,151
0.017896093345183724,0.0032560551166722186,0.28763845151844986,0.01163698276700041,0.6795724172526937,152
0.5610610285635875,0.0007134050553732971,0.009919407713009509,0.0779363827856106,0.3503697758824191,153
0.030790017181502406,0.0010826919591163237,0.24490787028375569,0.24200828475923106,0.4812111358163944,154
0.6900739585380327,0.0017185244459069211,0.003871290803844848,0.04035640747472015,0.2639798187374955,155
0.8289919191895342,0.0007269152308383685,0.004612143805300029,0.09097402942245453,0.07469499235187299,156
0.3747343054083548,0.0006379750546468392,0.022494492180280358,0.4692778326486264,0.1328553947080917,157
0.0010971354350488988,0.00520846125579931,0.009780228934545887,0.0012357479070206373,0.9826784264675853,158
0.1970792303787591,0.0011765409535151672,0.032774749734717244,0.18008250724286812,0.5888869716901405,159
0.32661474448594974,0.0021439282446563497,0.021697568320660086,0.317986544720478,0.331557214228256,160
0.5538170814079189,0.0015581550283630468,0.024086508114632095,0.20929027052585267,0.21124798492323343,161
0.6050553622585323,0.0005097774097175791,0.03490294777534098,0.1465992091177564,0.21293270343865278,162
0.009848534369643898,0.0925823586017281,0.06842175158651435,0.034530010079262256,0.7946173453628516,163
0.9728340734407337,0.0003976927440616667,0.0018718789138045938,0.0055949964009455585,0.01930135850045457,164
0.2964953155322107,0.0050401113428202235,0.02345138931287807,0.4303833953535881,0.24462978845850294,165
0.8430290894330462,0.0012968727939161376,0.003276070515007435,0.00743809816902698,0.14495986908900316,166
0.44771624577235114,0.0008495698383690967,0.008588187365111057,0.35085821320708993,0.1919877838170789,167
0.42414489233676933,0.003067694225880911,0.042794325639759594,0.2870049862009224,0.2429881015966678,168
0.6371855541944539,0.0006368526531508441,0.004467452859612563,0.32560849508765105,0.03210164520513163,169
0.7662214999008472,0.0008337987267763581,0.0048059230924631146,0.03802984219145066,0.19010893608846255,170
0.0018913830202637375,0.0014131474923501771,0.015452056521960779,0.00260026236452486,0.9786431506009005,171
0.47043654241798644,0.00173344614482626,0.018110796917104814,0.28278548882063065,0.22693372569945164,172
0.5866427222913565,0.0004689208721214313,0.041120103765100474,0.3291028381369261,0.04266541493449557,173
0.41821312935397975,0.0007594438682155735,0.045544268734300467,0.3889322600843192,0.1465508979591849,174
0.44924466717234574,0.0011386509735641852,0.019081452613602855,0.45145507093759046,0.07908015830289682,175
0.3032286211406619,0.01949423745665581,0.02613655024549293,0.008557626545005893,0.6425829646121834,176
0.2593304874795623,0.0021811852226345657,0.07815567011645391,0.4644782844525034,0.19585437272884565,177
0.8729701893224647,0.0005306407920357276,0.007466568273374411,0.09101098679378887,0.028021614818336548,178
0.7732157430372611,0.006793173781816611,0.029646017077943298,0.05746096015292973,0.13288410595004932,179
0.02105066489051931,0.0021251299786560983,0.13104378417276422,0.02379873763255108,0.8219816833255095,180
0.0017887133047677646,0.0034592164033181378,0.02953988223682087,0.0024476941330777136,0.9627644939220156,181
0.7834503737025932,0.005156160701316798,0.021517494956294785,0.010550341926765815,0.1793256287130295,182
0.4290781653451533,0.002196146434202836,0.019501226857422057,0.2884952510672176,0.2607292102960043,183
0.0789760911165059,0.0017916023865245212,0.05665296804949558,0.23658081894043984,0.6259985195070342,184
0.6262903663742194,0.0007263646753325829,0.009264972615342655,0.2959124953916383,0.067805800943467,185
0.29057802527684834,0.001455404422302837,0.024181712442210398,0.4046425464178393,0.279142311440799,186
0.0018472770020459715,0.004642086024414428,0.018882066393235534,0.0032525938111441152,0.97137597676916,187
0.4909280339620973,0.0009837417847477815,0.03127470387801402,0.2901042406526704,0.18670927972247048,188
0.7933294581022418,0.00047598986952784145,0.005664592039882985,0.025522803311806883,0.17500715667654043,189
0.937482479473198,0.00030386251375164714,0.0026769885815828495,0.033520414499625596,0.026016254931841964,190
0.6099398541718828,0.0013419333933643997,0.025249712145360006,0.3359953050438375,0.027473195245555155,191
0.46060302486594423,0.0023763721414348034,0.0885066442694338,0.2866882169419231,0.16182574178126424,192
0.05283516729743474,0.0022000906447686122,0.03912898986580589,0.094176153280212,0.8116595989117785,193
0.5120619732708013,0.0019254913003647284,0.025405630685937007,0.06909055037379949,0.3915163543690975,194
0.907331366668277,0.0002978064589466882,0.002637458384497896,0.018764557648199977,0.07096881084007874,195
0.6537385098624132,0.0012023364915875567,0.0071283175858964576,0.03062757121080927,0.3073032648492934,196
0.5919349108325563,0.0009979216404163319,0.019049942495382857,0.35298471132529513,0.035032513706349334,197
0.6955989143444327,0.00046278050550402426,0.010458728370152782,0.23758959145514638,0.05588998532476433,198
0.3833620561513188,0.0013929048224852786,0.031361799212450886,0.37322894224955844,0.21065429756418633,199
0.5139978937623644,0.001025177504216317,0.026012800639521574,0.15830819656555195,0.3006559315283457,200
0.0007579675285635974,0.0013771273720665645,0.012241405956163314,0.00322971560501958,0.9823937835381868,201
0.3115979943657349,0.0011205799632335455,0.034164597275185775,0.12747738176918982,0.5256394466266561,202
0.6768142209600277,0.0013962645163675647,0.011782255140547216,0.2617111812570708,0.048296078125986686,203
0.7852434121389706,0.000693855090781734,0.027883521590860067,0.03149406807217257,0.154685143107215,204
0.11564180407039687,0.001427530939513087,0.16182231156970603,0.6237454778550005,0.09736287556538369,205
0.5664356327044442,0.0015312625696163042,0.01860657002620364,0.07445772233349167,0.33896881236624443,206
0.1655610245506078,0.0003557580780196865,0.010592960181121042,0.18036650249606703,0.6431237546941845,207
0.2010288499395194,0.002506910711656653,0.09704149688832758,0.5834089341180606,0.11601380834243574,208
0.3534276662550646,0.0006574680801057375,0.01829706540402811,0.3212600600052284,0.3063577402555733,209
0.4232331461358498,0.0006482494853680409,0.012508290257768312,0.5216993737788481,0.04191094034216548,210
0.0018955689033118132,0.0010400431955882522,0.005418759114529361,0.0011336497682857098,0.9905119790182847,211
0.3338569340970462,0.0005376620055885906,0.033129812410520765,0.5110054034947529,0.12147018799209174,212
0.46276458763371175,0.0007012888942998669,0.057618843343469506,0.41708216281656646,0.06183311731195209,213
0.7915209908946507,0.0029287123256860176,0.011873849685182632,0.03291114063412264,0.16076530646035825,214
0.0013796862111017587,0.02151326379702563,0.011463024096510047,0.002517026337406189,0.9631269995579562,215
0.7446622911340969,0.003582148567063729,0.021910040225522506,0.13278475285251226,0.09706076722080474,216
0.8180064074525513,0.002584013176321812,0.01572747181732606,0.0082624221701274,0.1554196853836733,217
0.4447155586368501,0.0019693343139327462,0.016883258193455163,0.08243892327774903,0.45399292557801296,218
0.49851585460173736,0.0023113670418237397,0.031738061328290636,0.18948673853984097,0.27794797848830727,219
0.22641737997162178,0.0009948530054632151,0.028187448517053335,0.6058526438998266,0.1385476746060354,220
0.018635009783571608,0.0022262081211495244,0.024327756760737944,0.6874702264701152,0.2673407988644257,221
0.006318511048786297,0.005036481043965045,0.008410575547067143,0.0009911550370739776,0.9792432773231075,222
0.15637814616235812,0.078606086087285,0.06787658970338396,0.014293135691908829,0.682846042355064,223
0.6907348328833377,0.0008039636200588766,0.003932241071580162,0.25787161979330303,0.046657342631720236,224
0.05992939662563802,0.0019734380069330397,0.2657772487341769,0.6395019749975716,0.032817941635680616,225
0.5972420976006687,0.0009968584695711057,0.03891121211169254,0.2092599364190401,0.15358989539902743,226
0.014617474869485923,0.009916951918773785,0.21450057577893514,0.010548995083401073,0.750416002349404,227
0.002116538675383815,0.017882115939223557,0.005014863860720796,0.004410423922443043,0.9705760576022288,228
0.3541640245964746,0.0013058402210562763,0.03281142143508464,0.30771690018574965,0.30400181356163497,229
0.0024411622168680736,0.0026510433802947623,0.006249104065495994,0.0010962928730879327,0.9875623974642533,230
0.9800405482645683,0.00040877442011337496,0.0013519336860291881,0.010385262393170844,0.007813481236118474,231
0.9675435484856625,0.00016175795413029013,0.0015548056855205616,0.008460836193022639,0.022279051681663935,232
0.0015993057212737546,0.00532032623673022,0.009132471146665615,0.0031601971898983132,0.980787699705432,233
0.03734007502995827,0.0011342575630289128,0.16560984403641354,0.5130004367525628,0.2829153866180365,234
0.32514436201540153,0.0030619567046050312,0.05961455729939463,0.5469113184222832,0.06526780555831561,235
0.8460514698769432,0.001546968947694034,0.003674618905957637,0.012299396939107712,0.13642754533029763,236
0.3656374633593633,0.0026119649516199665,0.03606241777284546,0.35752039755776654,0.23816775635840481,237
0.010194364074516073,0.004638831671066316,0.0693110562792296,0.03075150026068299,0.885104247714505,238
0.6955281570027596,0.0008698742461853701,0.008090689345476756,0.25185960787192807,0.04365167153365019,239
0.658432940336848,0.0023296950738742462,0.012928733951835093,0.019007759539925125,0.30730087109751725,240
0.959281821887846,0.00040012614401154666,0.001745270078119185,0.010994842584026603,0.027577939305996536,241
0.22976143912982397,0.0027896603259543198,0.04409837506436215,0.4953142498329865,0.22803627564687323,242
0.9684277422496185,0.0007039510849476233,0.003942212422861417,0.0047078435308729495,0.022218250711699403,243
0.4751578814761307,0.0013856244791886434,0.02429569669625898,0.1644878739120778,0.3346729234363439,244
0.31092151297259374,0.001703230619394724,0.041172798320308825,0.29271460409947947,0.3534878539882233,245
0.31994327840579173,0.0019999635033815994,0.0542420718745487,0.4614138181446681,0.16240086807161005,246
0.4236864754660185,0.0009628332067132767,0.008266809925849144,0.09340419044385995,0.4736796909575593,247
0.470024499324334,0.0008104088395044078,0.010781561116267598,0.08132457719023141,0.43705895352966273,248
0.19462414469056458,0.0027487144412222794,0.05055148591914988,0.5121100543119287,0.2399656006371346,249
0.8326367676643042,0.0014082447482393265,0.005398243019198416,0.012068736261275144,0.14848800830698308,250
0.0017451283020102576,0.008240405808977145,0.022801273422441277,0.7262436480929028,0.24096954437366844,251
0.4503178914737744,0.0005223343720992886,0.010849740428877541,0.42526571903674865,0.11304431468850015,252
0.0010116489288643478,0.0016702618453993063,0.015747118531532035,0.0014833076791938061,0.9800876630150106,253
0.37490297702282116,0.0005457072919614796,0.028797089005045007,0.4908878326961605,0.1048663939840119,254
0.0014632979768392713,0.0023459215725843987,0.015351396445647597,0.001564968861852571,0.979274415143076,255
0.5212116842895818,0.0006272216631439948,0.012971798038303993,0.25244353342575665,0.21274576258321343,256
0.2392625163337568,0.0009591628461042696,0.06874024557401012,0.07536476897988446,0.6156733062662444,257
0.6815871299824809,0.0012686078451128802,0.01259814871364015,0.0531206229343325,0.25142549052443364,258
0.2898548720619755,0.0011655180250627812,0.04953792396235461,0.5176244020793419,0.14181728387126524,259
0.9562841079078481,0.0004088820751478051,0.0017188510491743922,0.007208313370890835,0.034379845596938845,260
0.761904888628548,0.0008713877957289942,0.003974660051345355,0.07005346424422466,0.1631955992801531,261
0.5667954537348644,0.0009220267213647504,0.02251017433116635,0.15581612857428004,0.2539562166383245,262
0.8028229211151962,0.0019131135064857072,0.009022915441762471,0.10475064083811252,0.08149040909844332,263
0.3545439690731348,0.0014170389939985892,0.032099674391982594,0.36404812549358007,0.2478911920473038,264
0.29315928402123564,0.000658899954516148,0.02276450553416958,0.4225322965442539,0.2608850139458248,265
0.09662227565568896,0.004168967671252429,0.028819853271054532,0.06080299762359508,0.8095859057784089,266
0.00630038832076552,0.002831429411478164,0.05614203408208277,0.019400775621541903,0.9153253725641317,267
0.011889320492806084,0.01246473659247736,0.2638628623763056,0.02169560932515184,0.6900874712132591,268
0.00129584765991549,0.0014278245687682181,0.005096706653644917,0.0023540621247752345,0.989825558992896,269
0.911585793112613,0.0006607330883129563,0.00242864311059323,0.041770848583820006,0.043553982104661014,270
0.014273038679012638,0.012359482277971432,0.1082791317017516,0.006605026797635598,0.8584833205436289,271
0.09721276902189621,0.024347658521575003,0.6970795968765944,0.018884641830831977,0.16247533374910264,272
0.11524531865090629,0.008827978069578073,0.05677866728392312,0.40737841217378434,0.4117696238218083,273
0.1440764815521541,0.001972292120474391,0.14901726854130554,0.05286225234380713,0.6520717054422588,274
0.1359273261037192,0.00929781618878567,0.4546739074076724,0.05710662746668907,0.3429943228331337,275
0.008479054006394156,0.006582290665821711,0.30498314797188897,0.008973197448135085,0.67098230990776,276
0.0011127324405050935,0.002329715021570443,0.015401076833165096,0.007762614568344503,0.9733938611364151,277
0.10044594116636005,0.004679418529791993,0.041902882982871835,0.028435234883516677,0.8245365224374593,278
0.27144340778785336,0.00220281011968496,0.006423292948748906,0.11042288744009622,0.6095076017036165,279
0.030955602488255192,0.0023086732709981152,0.0423280667960095,0.09015052310245758,0.8342571343422794,280
0.3780714886370811,0.000762265330092447,0.049366961727906854,0.2597650391182071,0.31203424518671247,281
0.37098691366826425,0.0006178523286862428,0.027933619755736595,0.3910486295600269,0.20941298468728595,282
0.00970686804690565,0.010628483067574633,0.03185070311749845,0.019953603049131425,0.9278603427188898,283
0.8247552118751907,0.0008634210652764961,0.005668720785917083,0.009442502851373224,0.15927014342224238,284
0.1127172300030909,0.0025567995050911284,0.041005589773397175,0.6601703948322915,0.18354998588612959,285
0.4720479691526194,0.0021721397958281027,0.058766117532094535,0.24453388604567905,0.22247988747377886,286
0.007146407042228194,0.0023755757235089095,0.00994667198372336,0.0013856313578490278,0.9791457138926906,287
0.0017806508102307511,0.0021972258215907656,0.02692117427880199,0.0014665392238598,0.9676344098655164,288
0.6728826701036026,0.000868402849036169,0.017037929875837306,0.20163192520395556,0.10757907196756876,289
0.34672075747199343,0.0004987530747631383,0.05982147318556414,0.2874766089936959,0.30548240727398335,290
0.8919232136046336,0.0014371966894905191,0.010878462156094287,0.022662644079622842,0.0730984834701588,291
0.9552462602157304,0.0006248070499613326,0.003037806311580985,0.013932491853796839,0.02715863456892997,292
0.8750821454117668,0.0014453186238462372,0.007301734814848288,0.006176340653089923,0.10999446049644893,293
0.028730491829123083,0.0022282986687655296,0.1520758139002537,0.11894831903469205,0.6980170765671655,294
0.32398315426721314,0.0007610212312945279,0.04216726968198002,0.5821561255067178,0.05093242931279424,295
0.012878823200186542,0.01168223219586884,0.08632326327341382,0.032861679942292436,0.8562540013882385,296
0.46772346946783006,0.000665617780031533,0.030889295333576615,0.3721925154485926,0.12852910196996928,297
0.010716578403994769,0.007534798448200267,0.22548093694813373,0.03166331282105369,0.7246043733786177,298
0.4650226247693055,0.0014680453331694756,0.04197421695962366,0.23973037341191472,0.2518047395259866,299
0.40723282229469754,0.0013394947014663647,0.02671120022697928,0.16430423661179844,0.40041224616505827,300
0.6457187783657972,0.0010191999618885254,0.020258279080957474,0.299022446684941,0.0339812959064157,301
0.7919642649681033,0.0010779616415873279,0.004501300066958556,0.011258962675712275,0.19119751064763857,302
0.9679485355065488,0.0006471159876853776,0.0020093677598679244,0.010517530318167491,0.018877450427730494,303
0.42924131005482374,0.0024822738064952756,0.0447166028875829,0.18677329639657445,0.3367865168545237,304
0.007441643531097991,0.004659053797744771,0.5963255138397007,0.02781493462808802,0.3637588542033685,305
0.14662537502441333,0.0005688862583596794,0.1305879769813518,0.696558479243622,0.025659282492253053,306
0.9532076670799586,0.0011501215696449144,0.0037690144362958144,0.02377503948099331,0.01809815743310713,307
0.3372872174408549,0.0019021121561984536,0.018794967946771348,0.1643603021736103,0.47765540028256515,308
0.8460179687561694,0.0007714811611057537,0.0024199032451261153,0.07473017613417608,0.07606047070342283,309
0.02769983257056321,0.02224854052786036,0.011124243811750385,0.002692654202502925,0.9362347288873233,310
0.2940936127434456,0.001665820153387397,0.033985034639919295,0.2776938874338402,0.39256164502940755,311
0.8523122000512753,0.0011915617468592132,0.010438386374311688,0.006217520308648592,0.1298403315189054,312
0.017042722005974027,0.011033217507571793,0.12171800218882689,0.009861767926053045,0.8403442903715743,313
0.31672237469398073,0.0013513686001931826,0.04740875033406702,0.42756451010001,0.20695299627174907,314
0.01588353019868265,0.011678985420591419,0.0337043760438547,0.010969954996500388,0.9277631533403707,315
0.5103737230597105,0.0008248135489057608,0.02251318272230371,0.39447947610670964,0.07180880456237027,316
0.28726952597067285,0.004624265437357515,0.036567832650538645,0.603127413168187,0.06841096277324392,317
0.8863615437505487,0.0012532112646180726,0.0038167887699315475,0.021305854105387805,0.0872626021095138,318
0.0013945817319327965,0.0017562284976876997,0.00830614948741993,0.002601229943208066,0.9859418103397514,319
0.45360316540728546,0.0013006513301382096,0.011120622517292315,0.4633214177314628,0.07065414301382145,320
0.505874468096689,0.0017957292668965975,0.015031197654834369,0.208680165532282,0.2686184394492981,321
0.0007867307044608942,0.0015378426753893904,0.01459940593805517,0.002407959475941193,0.9806680612061535,322
0.000597732839609251,0.0014866032934119004,0.02265299057759709,0.0017295098991534934,0.9735331633902282,323
0.8360867991833216,0.0020295562365678288,0.006345626547463384,0.009199253536108822,0.14633876449653846,324
0.9344694899058599,0.0006656964119306171,0.0024329552416997692,0.011596968544535733,0.05083488989597397,325
0.9541394213486899,0.0016211124537197923,0.002472932445473419,0.013324769465761386,0.0284417642863553,326
0.8691233392891752,0.00013643910859594335,0.0026617380518426936,0.018137746105256064,0.10994073744513018,327
0.4218120928569432,0.0032670484601114306,0.03622747936317125,0.34179372977983535,0.19689964953993866,328
0.7169463912305264,0.001265121389995889,0.01101902107671483,0.1909252165570662,0.07984424974569672,329
0.03248698732706068,0.003617437350826044,0.08811063056631818,0.3880079989613648,0.4877769457944302,330
0.12603820544020813,0.0014017002688655848,0.17049418796188687,0.5111514464651703,0.1909144598638692,331
0.0022655696344589847,0.0006183138160139517,0.008618240488942604,0.0014705847479231991,0.9870272913126615,332
0.9758720010042977,0.0005156099119542624,0.0022190353804722933,0.008223767225029826,0.013169586478246374,333
0.8008973181814338,0.0011898093330975994,0.0024019746137931078,0.026217948635747453,0.16929294923592797,334
0.0060854005728752094,0.006553607029153095,0.11598640441912393,0.016155562699762014,0.8552190252790856,335
0.9202406747923909,0.00431288610341604,0.0042800317194760734,0.013007771200636922,0.058158636184080174,336
0.0020845856698664144,0.0013205054723901476,0.9133257718471648,0.007565417756336838,0.07570371925424195,337
0.2841115602296268,0.002231193372384077,0.026240113324908994,0.2611013900255319,0.42631574304754827,338
0.014928073756509726,0.004810747509480492,0.10816703641954573,0.01177097750469558,0.8603231648097683,339
0.5817997596882595,0.0021975696676977134,0.013051699342398504,0.28653045225687623,0.11642051904476826,340
0.10795677809720024,0.0012708935043248455,0.0520743135240803,0.03499493290649443,0.8037030819679004,341
0.7964660648426631,0.0022965028243669165,0.006629283901017997,0.0389474833881833,0.15566066504376866,342
0.008876600591117187,0.011880247319270659,0.7472848638579723,0.04000472069558512,0.19195356753605455,343
0.6080163237934867,0.000621406978961637,0.009944917455980536,0.31020911336636603,0.07120823840520508,344
0.594337005592047,0.0013719021803398565,0.009739906803235793,0.08449696994521004,0.31005421547916734,345
0.47007292692206953,0.0006316555515178357,0.043662805830462864,0.3231799129979191,0.1624526986980307,346
0.25240858268294375,0.000433947200419833,0.10057762943718287,0.4226606714960261,0.2239191691834274,347
0.053812018833836926,0.007823633768051839,0.02327531458659464,0.007695043805189908,0.907393989006327,348
0.10984874875819838,0.0009043653126226472,0.033249673755581216,0.7565601174348411,0.09943709473875653,349
0.3400561370585316,0.0034798031816826204,0.19314935013114243,0.22232270069562282,0.24099200893302034,350
0.7029192846059181,0.0006383103741566076,0.00809427417013146,0.1902595905922673,0.0980885402575266,351
0.0008341104949339118,0.0006181433387122804,0.020391616476183556,0.0021133591792830337,0.9760427705108873,352
0.2953549539579014,0.0034369011275720536,0.05741632443517736,0.5807995415392154,0.06299227894013372,353
0.3748276360965744,0.0017644810653375778,0.003315188941212365,0.004913769064717245,0.6151789248321585,354
0.5235293361199888,0.0005748304685869658,0.019259756109689243,0.18174180371592255,0.2748942735858125,355
0.004749976817244522,0.5184450494936134,0.41471568253823027,0.0010474546575510162,0.06104183649336068,356
0.5106625490698739,0.0028714184960197953,0.008249967543338956,0.04856161907075287,0.42965444582001444,357
0.49947730536788115,0.002164291510587931,0.0051845780125459075,0.02334761695912026,0.46982620814986453,358
0.19729009751064014,0.016439640492913524,0.015117968313293617,0.009792530894315334,0.7613597627888373,359
0.4228570096133796,0.000691025377793759,0.0068772336334106746,0.02317744989866106,0.5463972814767549,360
0.9202992513127782,0.0016312282291662027,0.004211783298672563,0.004226833345592895,0.06963090381379006,361
0.044102080632670015,0.0015856710448700674,0.13248046001307356,0.2881573616266002,0.5336744266827861,362
0.25783327212899654,0.001080786967960423,0.04062250982377535,0.5124843711621337,0.18797905991713396,363
0.7364355375591723,0.006366529650652639,0.0038419331799016236,0.011231659702142205,0.24212433990813112,364
0.5173387221422103,0.0019714079905882734,0.01861215944184446,0.09836585188793176,0.3637118585374253,365
0.0025712822437610524,0.02470242118145654,0.9475314662126338,0.006372679221864357,0.018822151140284484,366
0.3480331163332842,0.002545621051405196,0.004743400389643617,0.018596191153156864,0.6260816710725103,367
0.028918034103971313,0.024249119053676944,0.5703203231745739,0.04141807528995976,0.3350944483778182,368
0.0011927184849747261,0.0012951473338226893,0.009895414159406023,0.001400203578005572,0.986216516443791,369
0.3468355248606065,0.0012464007479149437,0.012959122692931837,0.04310160077199112,0.5958573509265555,370
0.6775570590088764,0.0008482712577410497,0.018492379559424017,0.16125491571827463,0.1418473744556839,371
0.8053326448725137,0.0015289870331302198,0.01273610713283993,0.08751786050310705,0.0928844004584091,372
0.9777696426133408,0.0004982510301217627,0.0017095939193934482,0.01304131782904157,0.006981194608102576,373
0.3018860705765005,0.003912561778934052,0.054899883262517886,0.42272729670179043,0.21657418768025716,374
0.008638309068882404,0.00968331791804012,0.2155172228558815,0.007807811365814908,0.7583533387913811,375
0.33352742204323715,0.0026839266248558707,0.03547693704456857,0.5482981983621251,0.0800135159252132,376
0.3105131373272223,0.0004452580676176568,0.039929286393051384,0.1916748485335285,0.45743746967858007,377
0.7116544133021085,0.0010391464296652761,0.014135024698143785,0.2324739175131377,0.040697498056944885,378
0.5307843616762116,0.0005750973329124608,0.011950476905412889,0.1362318323863552,0.3204582316991079,379
